-28080
-28080
-28080
-28080
-28080
-28080
-28080
-28080
-28080
-28080
-28080
-28080
-28080
-28080
-28080
-28080
-28080
-28080
-28080
-28080
-28080
-28080
-28080
-28080
-28080
-28080
-28080
-28080
-28080
-28080
-28080
-28080
-28080
-28080
-28080
-28088
-28126
-28190
-28271
-28351
-28394
-28412
-28410
-28382
-28339
-28289
-28246
-28217
-28190
-28171
-28168
-28187
-28229
-28265
-28272
-28235
-28155
-28096
-28080
-28080
-28080
-28080
-28080
-28080
-28080
-28080
-28080
-28080
-28080
-28080
-28080
-28080
-28080
-28080
-28080
-28080
-28080
-28080
-28080
-28080
-28080
-28080
-28080
-28080
-28080
-28080
-28080
-28080
-28080
-28080
-28080
-28079
-28066
-28044
-28023
-28007
-28002
-28007
-28023
-28044
-28066
-28079
-28080
-28080
-28080
-28093
-28155
-28259
-28394
-28534
-28634
-28689
-28702
-28672
-28605
-28512
-28405
-28276
-28142
-28029
-27952
-27912
-27912
-27952
-28032
-28114
-28167
-28172
-28114
-28071
-28078
-28080
-28080
-28080
-28080
-28080
-28080
-28080
-28080
-28080
-28080
-28080
-28080
-28080
-28080
-28080
-28080
-28080
-28080
-28080
-28080
-28080
-28080
-28080
-28080
-28080
-28080
-28080
-28080
-28080
-28078
-28050
-28000
-27939
-27877
-27825
-27791
-27779
-27791
-27825
-27877
-27939
-28000
-28050
-28078
-28094
-28172
-28307
-28491
-28702
-28879
-28995
-29072
-29104
-29076
-28985
-28825
-28580
-28290
-28000
-27749
-27570
-27483
-27460
-27498
-27594
-27739
-27883
-27993
-28043
-28015
-28009
-28052
-28063
-28062
-28063
-28067
-28072
-28076
-28079
-28080
-28080
-28080
-28080
-28080
-28080
-28080
-28080
-28080
-28080
-28080
-28080
-28080
-28078
-28061
-28033
-28005
-27985
-27978
-27985
-27992
-27963
-27901
-27809
-27696
-27589
-27503
-27446
-27427
-27446
-27503
-27589
-27696
-27811
-27920
-28019
-28150
-28312
-28527
-28798
-29066
-29314
-29518
-29676
-29760
-29748
-29607
-29306
-28886
-28410
-27938
-27519
-27185
-26958
-26862
-26891
-27004
-27192
-27424
-27634
-27789
-27862
-27865
-27915
-27992
-28010
-28013
-28021
-28033
-28047
-28061
-28073
-28079
-28080
-28080
-28080
-28080
-28080
-28080
-28080
-28080
-28080
-28077
-28042
-27976
-27895
-27815
-27747
-27702
-27686
-27683
-27652
-27596
-27521
-27428
-27320
-27198
-27073
-26990
-26962
-26990
-27073
-27200
-27359
-27532
-27711
-27916
-28175
-28471
-28787
-29151
-29557
-29913
-30237
-30497
-30653
-30652
-30410
-29939
-29304
-28600
-27925
-27340
-26861
-26489
-26248
-26178
-26285
-26515
-26817
-27122
-27383
-27566
-27650
-27710
-27831
-27915
-27934
-27947
-27967
-27991
-28018
-28043
-28064
-28077
-28080
-28080
-28080
-28080
-28080
-28080
-28080
-28063
-27988
-27871
-27728
-27578
-27439
-27326
-27252
-27214
-27160
-27093
-27016
-26931
-26840
-26742
-26642
-26540
-26443
-26403
-26444
-26559
-26735
-26953
-27193
-27461
-27778
-28161
-28588
-29066
-29601
-30154
-30660
-31139
-31526
-31767
-31744
-31379
-30680
-29749
-28751
-27858
-27155
-26590
-26082
-25674
-25460
-25483
-25725
-26102
-26508
-26879
-27171
-27354
-27457
-27607
-27754
-27827
-27848
-27877
-27914
-27954
-27993
-28029
-28058
-28080
-28080
-28080
-28080
-28080
-28080
-28055
-27955
-27794
-27590
-27365
-27137
-26930
-26764
-26655
-26559
-26460
-26365
-26276
-26190
-26104
-26017
-25932
-25857
-25800
-25770
-25827
-25985
-26223
-26512
-26833
-27194
-27617
-28110
-28672
-29381
-30152
-30868
-31527
-32120
-32602
-32906
-32896
-32448
-31465
-30141
-28724
-27517
-26805
-26337
-25708
-25095
-24717
-24654
-24877
-25333
-25855
-26335
-26730
-27008
-27176
-27353
-27553
-27680
-27729
-27769
-27820
-27875
-27931
-27982
-28026
-28080
-28080
-28080
-28080
-28080
-28063
-27960
-27775
-27527
-27234
-26919
-26605
-26319
-26088
-25918
-25761
-25627
-25521
-25437
-25365
-25295
-25219
-25139
-25070
-25036
-25061
-25159
-25381
-25700
-26073
-26486
-26936
-27450
-28042
-28806
-29741
-30732
-31557
-32296
-32983
-33580
-33964
-34007
-33704
-32228
-30486
-28558
-26629
-26050
-26196
-25123
-24334
-23874
-23797
-24067
-24592
-25239
-25823
-26307
-26659
-26888
-27097
-27335
-27506
-27594
-27649
-27716
-27789
-27861
-27929
-27988
-28080
-28080
-28080
-28080
-28078
-28001
-27823
-27558
-27224
-26841
-26431
-26020
-25640
-25327
-25074
-24860
-24708
-24616
-24566
-24534
-24495
-24433
-24329
-24204
-24118
-24152
-24345
-24678
-25130
-25633
-26167
-26714
-27308
-28037
-28993
-30105
-31203
-32128
-32975
-33787
-34487
-34880
-34768
-34081
-32733
-30929
-28748
-26615
-24706
-24570
-24004
-23292
-22829
-22914
-23348
-23969
-24708
-25382
-25938
-26347
-26623
-26861
-27123
-27325
-27451
-27526
-27613
-27704
-27793
-27876
-27949
-28080
-28080
-28080
-28080
-28054
-27917
-27674
-27338
-26926
-26455
-25948
-25431
-24939
-24517
-24161
-23893
-23747
-23712
-23740
-23779
-23756
-23651
-23471
-23237
-23007
-22970
-23323
-23858
-24467
-25105
-25754
-26412
-27143
-28041
-29124
-30297
-31492
-32533
-33412
-34222
-34939
-35470
-35109
-34379
-33008
-31164
-29036
-26946
-25267
-24198
-23331
-22440
-21566
-22205
-22875
-23563
-24314
-25027
-25614
-26050
-26365
-26649
-26930
-27152
-27309
-27410
-27520
-27630
-27735
-27831
-27916
-28080
-28080
-28080
-28080
-28020
-27837
-27542
-27149
-26672
-26126
-25529
-24905
-24285
-23719
-23224
-22890
-22796
-22884
-23026
-23096
-23068
-22939
-22715
-22407
-22026
-21581
-22396
-23132
-23815
-24488
-25175
-25929
-26790
-27855
-29031
-30230
-31434
-32494
-33329
-34074
-34708
-35043
-34915
-34372
-33259
-31403
-29251
-27219
-25506
-24192
-23208
-22441
-22032
-22232
-22778
-23442
-24124
-24807
-25374
-25803
-26127
-26433
-26721
-26996
-27193
-27323
-27453
-27579
-27696
-27801
-27893
-28080
-28080
-28080
-28078
-27992
-27780
-27452
-27021
-26500
-25901
-25239
-24528
-23789
-23055
-22345
-21878
-21936
-22229
-22456
-22560
-22539
-22408
-22190
-21922
-21677
-21654
-22044
-22600
-23180
-23809
-24533
-25422
-26414
-27547
-28721
-29882
-30983
-31947
-32736
-33451
-34058
-34383
-34339
-34032
-33641
-31316
-29152
-27209
-25557
-24237
-23264
-22652
-22419
-22547
-22942
-23503
-24114
-24724
-25237
-25646
-25978
-26280
-26486
-26878
-27131
-27289
-27429
-27560
-27681
-27790
-27885
-28080
-28080
-28080
-28077
-27982
-27759
-27420
-26976
-26440
-25822
-25134
-24388
-23596
-22769
-21873
-20873
-21496
-21933
-22189
-22287
-22260
-22136
-21949
-21760
-21645
-21673
-21857
-22165
-22622
-23253
-24022
-24945
-25990
-27089
-28185
-29287
-30335
-31291
-32100
-32741
-33212
-33422
-33258
-32700
-31691
-30175
-28469
-26851
-25430
-24263
-23396
-22862
-22684
-22852
-23198
-23645
-24196
-24739
-25189
-25590
-25962
-26299
-26604
-26903
-27133
-27315
-27453
-27579
-27696
-27801
-27893
-28080
-28080
-28080
-28078
-27992
-27780
-27452
-27021
-26500
-25901
-25239
-24528
-23789
-23056
-22392
-21983
-22018
-22206
-22350
-22397
-22343
-22221
-22061
-21886
-21744
-21650
-21671
-21891
-22282
-22806
-23500
-24389
-25423
-26452
-27531
-28651
-29746
-30725
-31595
-32258
-32635
-32623
-32025
-31054
-29909
-28713
-27496
-26312
-25209
-24267
-23549
-23103
-22962
-23107
-23442
-23814
-24304
-24786
-25215
-25622
-26020
-26383
-26704
-26969
-27180
-27370
-27519
-27630
-27735
-27831
-27916
-28080
-28080
-28080
-28080
-28020
-27837
-27542
-27149
-26672
-26126
-25529
-24905
-24285
-23721
-23297
-23049
-22932
-22926
-22932
-22896
-22813
-22665
-22438
-22171
-21860
-21597
-21575
-21708
-21985
-22425
-23048
-23883
-24884
-25856
-26897
-28028
-29166
-30218
-31126
-31874
-32297
-32340
-31043
-29582
-28165
-27712
-26842
-25898
-25061
-24341
-23773
-23412
-23297
-23385
-23634
-23959
-24384
-24846
-25281
-25698
-26102
-26468
-26779
-27022
-27244
-27443
-27600
-27704
-27793
-27876
-27949
-28080
-28080
-28080
-28080
-28054
-27917
-27674
-27338
-26927
-26468
-25981
-25483
-25005
-24590
-24294
-24111
-23976
-23878
-23797
-23725
-23601
-23368
-23040
-22608
-22064
-21657
-21496
-21526
-21766
-22159
-22728
-23556
-24484
-25383
-26434
-27599
-28761
-29892
-30861
-31596
-31965
-31608
-30426
-28699
-28303
-27668
-26782
-25906
-25168
-24591
-24145
-23844
-23688
-23687
-23815
-24048
-24438
-24903
-25357
-25783
-26185
-26539
-26826
-27082
-27320
-27526
-27686
-27789
-27861
-27929
-27988
-28080
-28080
-28080
-28080
-28078
-28001
-27824
-27585
-27297
-26970
-26616
-26253
-25905
-25603
-25393
-25259
-25145
-25020
-24912
-24794
-24611
-24340
-23934
-23313
-22590
-21916
-21444
-21466
-21768
-22154
-22742
-23582
-24447
-25292
-26283
-27454
-28701
-29904
-30940
-31711
-32191
-31574
-30735
-29522
-29442
-28245
-27005
-26410
-25701
-25100
-24681
-24364
-24153
-24046
-24014
-24115
-24442
-24957
-25448
-25877
-26264
-26590
-26886
-27162
-27408
-27616
-27775
-27874
-27931
-27982
-28026
-28080
-28080
-28080
-28080
-28080
-28075
-28024
-27922
-27773
-27586
-27368
-27134
-26899
-26687
-26567
-26473
-26367
-26282
-26202
-26098
-25926
-25658
-25236
-24567
-23762
-22767
-21436
-21917
-22260
-22691
-23286
-24093
-24883
-25606
-26439
-27607
-28938
-30201
-31271
-32005
-32241
-31803
-30775
-29193
-29519
-29111
-28329
-27479
-26619
-25870
-25326
-24978
-24727
-24549
-24345
-24020
-24528
-25101
-25586
-25987
-26343
-26676
-26985
-27265
-27511
-27713
-27864
-27952
-27993
-28029
-28058
-28080
-28080
-28080
-28080
-28097
-28167
-28255
-28298
-28295
-28250
-28169
-28059
-27927
-27804
-27762
-27712
-27628
-27612
-27665
-27670
-27569
-27334
-26918
-26345
-25663
-24792
-23970
-23629
-23606
-23833
-24306
-25043
-25810
-26446
-26819
-28265
-29513
-30754
-31861
-32637
-32937
-32702
-32122
-31577
-31220
-30463
-29516
-28550
-27559
-26666
-25994
-25591
-25342
-25174
-24986
-24825
-24978
-25391
-25775
-26133
-26482
-26814
-27120
-27393
-27626
-27813
-27947
-28017
-28043
-28064
-28077
-28080
-28080
-28080
-28091
-28164
-28293
-28467
-28655
-28801
-28903
-28961
-28973
-28939
-28903
-28917
-28933
-28967
-29085
-29189
-29216
-29165
-28999
-28679
-28280
-27795
-27109
-26339
-25718
-25317
-25251
-25553
-26209
-27168
-28279
-29270
-29760
-30317
-31501
-32796
-33737
-34126
-34010
-33701
-33533
-33668
-31929
-30506
-29357
-28279
-27312
-26597
-26192
-25996
-25797
-25585
-25400
-25480
-25758
-26050
-26362
-26688
-27009
-27308
-27573
-27791
-27952
-28050
-28082
-28081
-28080
-28080
-28080
-28080
-28081
-28135
-28260
-28445
-28679
-28947
-29232
-29484
-29684
-29823
-29889
-29931
-30005
-30145
-30299
-30442
-30534
-30559
-30535
-30436
-30253
-30082
-29842
-29244
-28496
-27715
-26929
-26459
-26621
-27294
-28422
-30088
-32271
-31277
-30468
-32399
-34100
-35271
-35513
-35176
-34682
-34202
-33523
-32327
-31017
-29873
-28831
-27890
-27201
-26786
-26546
-26297
-26034
-25865
-25939
-26148
-26386
-26675
-26987
-27296
-27583
-27831
-28026
-28156
-28213
-28198
-28163
-28126
-28097
-28080
-28080
-28097
-28193
-28364
-28599
-28888
-29217
-29573
-29935
-30278
-30556
-30733
-30861
-31029
-31220
-31369
-31493
-31563
-31580
-31566
-31509
-31430
-31480
-31724
-30915
-30235
-29654
-28320
-27233
-27556
-28145
-28965
-30541
-31780
-32180
-32554
-33652
-35235
-37126
-36466
-35755
-34991
-34195
-33287
-32206
-31107
-30123
-29182
-28324
-27679
-27247
-26955
-26651
-26394
-26277
-26354
-26539
-26770
-27046
-27346
-27643
-27915
-28141
-28308
-28402
-28416
-28368
-28305
-28238
-28174
-28080
-28080
-28121
-28250
-28456
-28732
-29066
-29448
-29866
-30303
-30738
-31133
-31431
-31686
-31884
-31965
-32048
-32124
-32165
-32175
-32178
-32161
-32090
-32052
-31987
-31671
-31174
-30413
-29467
-28771
-28655
-29000
-29721
-30777
-31880
-32761
-33505
-34241
-34925
-35894
-35945
-35403
-34633
-33764
-32805
-31798
-30864
-30029
-29220
-28497
-27918
-27486
-27168
-26889
-26679
-26622
-26742
-26942
-27182
-27454
-27747
-28033
-28290
-28496
-28633
-28690
-28665
-28596
-28503
-28401
-28300
-28080
-28081
-28141
-28290
-28520
-28821
-29186
-29605
-30070
-30568
-31085
-31599
-32077
-32475
-32533
-32411
-32332
-32351
-32382
-32395
-32406
-32398
-32306
-32131
-31995
-31886
-31622
-30984
-30229
-29688
-29486
-29631
-30093
-30879
-32003
-33185
-34038
-34389
-34597
-34830
-34798
-34391
-33731
-32923
-32006
-31072
-30299
-29622
-28966
-28394
-27888
-27525
-27269
-27039
-26901
-26926
-27100
-27329
-27589
-27870
-28166
-28451
-28699
-28887
-28994
-29010
-28961
-28869
-28742
-28601
-28460
-28080
-28082
-28148
-28304
-28542
-28853
-29228
-29661
-30143
-30665
-31220
-31799
-32459
-33239
-32840
-32505
-32270
-32180
-32200
-32215
-32233
-32254
-32172
-31922
-31656
-31636
-31761
-31118
-30499
-30072
-29857
-29874
-30116
-30550
-31711
-33063
-34560
-33945
-33668
-33590
-33430
-33069
-32528
-31835
-31019
-30204
-29407
-28943
-28464
-28058
-27703
-27476
-27277
-27118
-27081
-27209
-27415
-27673
-27961
-28262
-28573
-28866
-29114
-29289
-29369
-29367
-29297
-29171
-29005
-28821
-28636
-28079
-28070
-28114
-28246
-28464
-28761
-29130
-29562
-30042
-30557
-31084
-31600
-32144
-32498
-32412
-32137
-31863
-31678
-31616
-31623
-31658
-31712
-31703
-31454
-30878
-30606
-30642
-30516
-30236
-30009
-29811
-29763
-29905
-30319
-31010
-31810
-32331
-32239
-32137
-32097
-31944
-31649
-31223
-30645
-30009
-29403
-28787
-28259
-27915
-27672
-27453
-27302
-27187
-27152
-27255
-27433
-27663
-27953
-28274
-28602
-28934
-29245
-29505
-29685
-29774
-29761
-29656
-29484
-29270
-29037
-28810
-28018
-27971
-27965
-28054
-28234
-28500
-28843
-29252
-29710
-30195
-30676
-31113
-31531
-31756
-31696
-31478
-31214
-30963
-30791
-30705
-30679
-30693
-30716
-30794
-29425
-29006
-29196
-29466
-29571
-29524
-29452
-29395
-29386
-29744
-30170
-30532
-30539
-30088
-30520
-30679
-30599
-30368
-30021
-29600
-29173
-28669
-28115
-27671
-27404
-27226
-27126
-27093
-27110
-27216
-27384
-27584
-27802
-28162
-28511
-28860
-29212
-29550
-29858
-30097
-30213
-30175
-30013
-29777
-29506
-29226
-28958
-27872
-27784
-27720
-27749
-27876
-28096
-28400
-28773
-29195
-29639
-30072
-30452
-30814
-31017
-30969
-30743
-30466
-30170
-29887
-29674
-29519
-29330
-29002
-28228
-26700
-27355
-27860
-28328
-28730
-28959
-29038
-29076
-29147
-29329
-29575
-29746
-29693
-29497
-29493
-29502
-29419
-29255
-29026
-28759
-28377
-27877
-27423
-27109
-26980
-26934
-26920
-26972
-27089
-27247
-27451
-27692
-27975
-28308
-28659
-29019
-29395
-29782
-30164
-30501
-30679
-30576
-30313
-30001
-29676
-29356
-29058
-27658
-27524
-27404
-27359
-27421
-27584
-27840
-28172
-28557
-28967
-29367
-29719
-30047
-30261
-30264
-30061
-29749
-29411
-29056
-28726
-28442
-28158
-27765
-27215
-26784
-26907
-27313
-27738
-28187
-28625
-28908
-28992
-29048
-29163
-29292
-29383
-29329
-29143
-28976
-28821
-28667
-28508
-28332
-28054
-27667
-27285
-26992
-26841
-26859
-26871
-26907
-26983
-27089
-27257
-27481
-27749
-28053
-28386
-28740
-29113
-29495
-29895
-30311
-30736
-31161
-30805
-30446
-30090
-29738
-29403
-29094
-27396
-27211
-27042
-26917
-26901
-26999
-27204
-27498
-27855
-28243
-28628
-28976
-29281
-29522
-29579
-29450
-29154
-28785
-28393
-28053
-27771
-27531
-27306
-27110
-27051
-27201
-27514
-27916
-28345
-28781
-29238
-29161
-29115
-29137
-29189
-29235
-29136
-28962
-28805
-28642
-28451
-28221
-27957
-27676
-27374
-27126
-26988
-26975
-26965
-26938
-26949
-27008
-27106
-27270
-27503
-27778
-28082
-28406
-28756
-29121
-29487
-29851
-30214
-30536
-30704
-30594
-30324
-30006
-29676
-29356
-29058
-27108
-26866
-26642
-26457
-26352
-26379
-26535
-26800
-27142
-27526
-27913
-28271
-28574
-28842
-28956
-28902
-28682
-28356
-28052
-27796
-27609
-27484
-27412
-27434
-27569
-27816
-28151
-28510
-28857
-29153
-29335
-29331
-29253
-29189
-29162
-29103
-28946
-28798
-28667
-28527
-28364
-28158
-27913
-27678
-27472
-27328
-27245
-27171
-27077
-26997
-26984
-27033
-27128
-27282
-27509
-27776
-28065
-28378
-28710
-29047
-29375
-29679
-29954
-30165
-30260
-30207
-30032
-29785
-29506
-29226
-28958
-26823
-26518
-26228
-25980
-25809
-25759
-25873
-26127
-26475
-26870
-27272
-27650
-27979
-28255
-28430
-28451
-28346
-28182
-28019
-27907
-27866
-27896
-27997
-28154
-28398
-28719
-29060
-29328
-29491
-29592
-29599
-29504
-29356
-29215
-29117
-28915
-28688
-28532
-28442
-28378
-28322
-28254
-28142
-27959
-27784
-27651
-27510
-27340
-27157
-27039
-27014
-27065
-27163
-27301
-27506
-27753
-28026
-28318
-28619
-28916
-29195
-29438
-29636
-29778
-29837
-29801
-29679
-29491
-29270
-29037
-28810
-26576
-26208
-25843
-25510
-25261
-25165
-25263
-25537
-25916
-26337
-26762
-27161
-27514
-27806
-28029
-28141
-28207
-28229
-28241
-28288
-28412
-28603
-28832
-29124
-29467
-29806
-30070
-30242
-30301
-30211
-30016
-29770
-29507
-29251
-28953
-28599
-28354
-28203
-28131
-28134
-28202
-28293
-28349
-28290
-28147
-27967
-27738
-27467
-27211
-27044
-27032
-27112
-27225
-27352
-27521
-27739
-27986
-28245
-28506
-28756
-28984
-29171
-29311
-29406
-29440
-29409
-29316
-29176
-29005
-28821
-28636
-26405
-25986
-25550
-25118
-24739
-24559
-24739
-25118
-25551
-25999
-26437
-26848
-27215
-27527
-27778
-28021
-28248
-28448
-28644
-28878
-29153
-29463
-29815
-30229
-30656
-30978
-31165
-31220
-31148
-30957
-30648
-30271
-29877
-29409
-28854
-28352
-28015
-27855
-27793
-27831
-27978
-28233
-28546
-28500
-28382
-28174
-27909
-27608
-27300
-26995
-27100
-27211
-27328
-27453
-27593
-27769
-27965
-28177
-28390
-28592
-28769
-28906
-29000
-29060
-29076
-29045
-28974
-28871
-28742
-28601
-28460
-26343
-25904
-25437
-24949
-24448
-23940
-24448
-24949
-25437
-25904
-26343
-26749
-27113
-27429
-27718
-28066
-28438
-28783
-29124
-29503
-29917
-30371
-30879
-31444
-31941
-32261
-32365
-32277
-32041
-31703
-31299
-30834
-30277
-29591
-28837
-28173
-27722
-27533
-27508
-27596
-27780
-28033
-28268
-28374
-28367
-28249
-28041
-27800
-27548
-27372
-27343
-27402
-27498
-27613
-27734
-27851
-27982
-28129
-28289
-28440
-28568
-28660
-28716
-28748
-28750
-28723
-28671
-28596
-28503
-28401
-28300
-26405
-25986
-25550
-25118
-24739
-24559
-24739
-25118
-25550
-25986
-26405
-26796
-27149
-27456
-27774
-28166
-28610
-29082
-29547
-30056
-30610
-31202
-31885
-32640
-33260
-33601
-33603
-33336
-32895
-32356
-31734
-31057
-30367
-29685
-28683
-27860
-27337
-27140
-27159
-27288
-27496
-27731
-27946
-28119
-28220
-28251
-28164
-28012
-27845
-27705
-27643
-27651
-27707
-27798
-27918
-27971
-28030
-28112
-28211
-28312
-28393
-28443
-28469
-28482
-28478
-28456
-28419
-28368
-28305
-28238
-28174
-26576
-26208
-25843
-25510
-25261
-25165
-25261
-25510
-25843
-26208
-26576
-26928
-27250
-27532
-27857
-28261
-28724
-29225
-29789
-30434
-31125
-31855
-32715
-33648
-34469
-34922
-34741
-34171
-33455
-32654
-31785
-30894
-30035
-29265
-28030
-27171
-26708
-26585
-26700
-26905
-27152
-27409
-27659
-27899
-28111
-28255
-28294
-28225
-28122
-28006
-27925
-27894
-27907
-27954
-28018
-28065
-28097
-28127
-28168
-28218
-28256
-28271
-28278
-28278
-28270
-28253
-28229
-28199
-28163
-28126
-28097
-26823
-26518
-26228
-25980
-25809
-25747
-25809
-25980
-26228
-26518
-26823
-27122
-27399
-27645
-27946
-28331
-28779
-29274
-29854
-30523
-31266
-32084
-33044
-34058
-35059
-36083
-35247
-34390
-33509
-32593
-31623
-30568
-29400
-28094
-26867
-26223
-26011
-26057
-26291
-26580
-26885
-27189
-27485
-27776
-28067
-28302
-28427
-28429
-28371
-28270
-28171
-28110
-28086
-28095
-28120
-28141
-28155
-28166
-28173
-28179
-28177
-28165
-28156
-28147
-28137
-28125
-28113
-28100
-28088
-28080
-28080
-27108
-26866
-26642
-26457
-26335
-26291
-26335
-26457
-26642
-26866
-27108
-27350
-27576
-27774
-28023
-28358
-28758
-29225
-29789
-30436
-31146
-31921
-32808
-33693
-34449
-34861
-34612
-33972
-33197
-32353
-31431
-30374
-29083
-27478
-25565
-25657
-25668
-25772
-26079
-26437
-26782
-27111
-27431
-27751
-28083
-28386
-28570
-28628
-28589
-28484
-28368
-28285
-28237
-28220
-28214
-28208
-28203
-28195
-28185
-28174
-28154
-28133
-28114
-28098
-28087
-28081
-28080
-28080
-28080
-28080
-28080
-27396
-27211
-27042
-26906
-26817
-26786
-26817
-26906
-27042
-27211
-27396
-27581
-27754
-27900
-28073
-28333
-28662
-29087
-29603
-30189
-30805
-31477
-32212
-32890
-33403
-33669
-33580
-33193
-32634
-31986
-31280
-30489
-29482
-28164
-26978
-26371
-26054
-25810
-26206
-26558
-26877
-27184
-27492
-27809
-28146
-28471
-28680
-28827
-28736
-28622
-28502
-28412
-28355
-28315
-28284
-28257
-28232
-28208
-28182
-28156
-28136
-28119
-28104
-28091
-28083
-28080
-28080
-28080
-28080
-28080
-28080
-27658
-27524
-27402
-27304
-27241
-27219
-27241
-27304
-27402
-27524
-27658
-27791
-27911
-28006
-28092
-28255
-28519
-28882
-29328
-29814
-30312
-30851
-31420
-31923
-32289
-32491
-32473
-32251
-31892
-31467
-31032
-30632
-30318
-29140
-28255
-27639
-27114
-26815
-26803
-26949
-27152
-27382
-27640
-27923
-28234
-28515
-28664
-28733
-28737
-28664
-28566
-28488
-28424
-28370
-28322
-28279
-28238
-28199
-28160
-28133
-28118
-28105
-28094
-28085
-28080
-28080
-28080
-28080
-28080
-28080
-28080
-27872
-27784
-27702
-27635
-27592
-27577
-27592
-27635
-27702
-27784
-27872
-27956
-28026
-28070
-28082
-28165
-28358
-28644
-28998
-29372
-29745
-30142
-30560
-30933
-31194
-31346
-31360
-31231
-31009
-30750
-30499
-30263
-29949
-29469
-29067
-28947
-28149
-27697
-27485
-27448
-27516
-27645
-27834
-28069
-28323
-28521
-28596
-28648
-28678
-28639
-28573
-28505
-28440
-28379
-28322
-28268
-28216
-28167
-28131
-28112
-28102
-28093
-28085
-28081
-28080
-28080
-28080
-28080
-28080
-28080
-28080
-28018
-27971
-27924
-27884
-27857
-27848
-27857
-27884
-27924
-27971
-28018
-28057
-28078
-28080
-28080
-28097
-28209
-28409
-28660
-28923
-29177
-29437
-29716
-29981
-30168
-30270
-30284
-30195
-30042
-29882
-29754
-29642
-29500
-29316
-29137
-28926
-28590
-28242
-28007
-27894
-27880
-27931
-28045
-28212
-28387
-28491
-28521
-28569
-28604
-28577
-28526
-28468
-28406
-28344
-28282
-28223
-28172
-28132
-28106
-28096
-28089
-28084
-28081
-28080
-28080
-28080
-28080
-28080
-28080
-28080
-28080
-28079
-28069
-28052
-28036
-28024
-28020
-28024
-28036
-28052
-28069
-28079
-28080
-28080
-28080
-28080
-28080
-28106
-28215
-28364
-28521
-28669
-28803
-28956
-29107
-29245
-29309
-29303
-29218
-29073
-28954
-28952
-28995
-29015
-29000
-28959
-28886
-28727
-28526
-28354
-28245
-28200
-28206
-28254
-28332
-28410
-28422
-28440
-28481
-28501
-28475
-28434
-28384
-28329
-28273
-28219
-28171
-28131
-28103
-28088
-28084
-28081
-28080
-28080
-28080
-28080
-28080
-28080
-28080
-28080
-28080
-28080
-28080
-28080
-28080
-28080
-28080
-28080
-28080
-28080
-28080
-28080
-28080
-28080
-28080
-28080
-28080
-28080
-28080
-28098
-28150
-28212
-28266
-28299
-28338
-28386
-28438
-28498
-28487
-28414
-28264
-28047
-28284
-28473
-28620
-28734
-28823
-28841
-28781
-28676
-28572
-28493
-28444
-28415
-28393
-28390
-28368
-28347
-28354
-28385
-28384
-28362
-28330
-28291
-28248
-28204
-28163
-28127
-28100
-28084
-28081
-28080
-28080
-28080
-28080
-28080
-28080
-28080
-28080
-28080
-28080
-28080
-28080
-28080
-28080
-28080
-28080
-28080
-28080
-28080
-28080
-28080
-28080
-28080
-28080
-28080
-28080
-28080
-28080
-28080
-28079
-28057
-28033
-28008
-27968
-27912
-27871
-27837
-27840
-27868
-27857
-27824
-27837
-27984
-28196
-28412
-28608
-28738
-28801
-28805
-28764
-28703
-28640
-28574
-28498
-28417
-28345
-28291
-28267
-28274
-28287
-28282
-28266
-28243
-28213
-28181
-28149
-28120
-28097
-28083
-28080
-28080
-28080
-28080
-28080
-28080
-28080
-28080
-28080
-28080
-28080
-28080
-28080
-28080
-28080
-28080
-28080
-28080
-28080
-28080
-28080
-28080
-28080
-28080
-28080
-28080
-28080
-28080
-28080
-28080
-28080
-28080
-28062
-28008
-27923
-27826
-27716
-27600
-27507
-27438
-27433
-27489
-27574
-27706
-27895
-28124
-28345
-28530
-28667
-28752
-28787
-28777
-28731
-28656
-28561
-28443
-28331
-28256
-28209
-28190
-28197
-28201
-28197
-28187
-28171
-28151
-28130
-28109
-28093
-28082
-28080
-28080
-28080
-28080
-28080
-28080
-28080
-28080
-28080
-28080
-28080
-28080
-28080
-28080
-28080
-28080
-28080
-28080
-28080
-28080
-28080
-28080
-28080
-28080
-28080
-28080
-28080
-28080
-28080
-28080
-28080
-28080
-28080
-28072
-28032
-27960
-27862
-27740
-27602
-27463
-27356
-27297
-27319
-27421
-27595
-27807
-28024
-28227
-28401
-28534
-28622
-28663
-28659
-28614
-28529
-28415
-28311
-28228
-28167
-28131
-28127
-28133
-28136
-28133
-28127
-28117
-28106
-28094
-28085
-28080
-28080
-28080
-28080
-28080
-28080
-28080
-28080
-28080
-28080
-28080
-28080
-28080
-28080
-28080
-28080
-28080
-28080
-28080
-28080
-28080
-28080
-28080
-28080
-28080
-28080
-28080
-28080
-28080
-28080
-28080
-28080
-28080
-28080
-28080
-28079
-28057
-28004
-27926
-27828
-27716
-27595
-27476
-27385
-27343
-27375
-27473
-27621
-27799
-27984
-28148
-28276
-28361
-28402
-28405
-28378
-28332
-28274
-28199
-28135
-28093
-28086
-28090
-28093
-28094
-28093
-28090
-28086
-28082
-28080
-28080
-28080
-28080
-28080
-28080
-28080
-28080
-28080
-28080
-28080
-28080
-28080
-28080
-28080
-28080
-28080
-28080
-28080
-28080
-28080
-28080
-28080
-28080
-28080
-28080
-28080
-28080
-28080
-28080
-28080
-28080
-28080
-28080
-28080
-28080
-28080
-28080
-28075
-28045
-27990
-27917
-27831
-27738
-27646
-27562
-27495
-27462
-27485
-27557
-27662
-27783
-27903
-28010
-28096
-28156
-28191
-28204
-28186
-28142
-28103
-28081
-28080
-28080
-28080
-28080
-28080
-28080
-28080
-28080
-28080
-28080
-28080
-28080
-28080
-28080
-28080
-28080
-28080
-28080
-28080
-28080
-28080
-28080
-28080
-28080
-28080
-28080
-28080
-28080
-28080
-28080
-28080
-28080
-28080
-28080
-28080
-28080
-28080
-28080
-28080
-28080
-28080
-28080
-28080
-28080
-28080
-28080
-28080
-28080
-28072
-28043
-27996
-27936
-27869
-27803
-27742
-27693
-27661
-27650
-27662
-27704
-27770
-27847
-27926
-27997
-28053
-28088
-28100
-28091
-28080
-28080
-28080
-28080
-28080
-28080
-28080
-28080
-28080
-28080
-28080
-28080
-28080
-28080
-28080
-28080
-28080
-28080
-28080
-28080
-28080
-28080
-28080
-28080
-28080
-28080
-28080
-28080
-28080
-28080
-28080
